R.PITT <- matrix(c(
-.05,  .84,
-.48,  .64,
-.75,  .00,
-.59, -.53,
.03, -.79,
.56, -.56,
.77, -.06,
.47,  .66
),8,2,byrow=TRUE)
R.PITT
# Sample 1
R.PORT1 <- matrix(c(
-.10,	.88,
-.60,	.61,
-.80,	-.03,
-.66,	-.54,
.03,	-.82,
.61,	-.46,
.80,	-.17,
.58,	.59
),8,2,byrow=TRUE)
R.PORT
R.PORT1
factor.congruence(R.PORT1, R.PITT) # Toggle between R.PORT1 and R.PORT2
library(psych)
factor.congruence(R.PORT1, R.PITT) # Toggle between R.PORT1 and R.PORT2
L2 <- Procrustes(R.PORT1, R.PITT)
L2
# Sample 2
R.PORT2 <- matrix(c(
.03,	.88,
-.57,	.59,
-.86,	-.03,
-.71,	-.49,
.06,	-.82,
.66,	-.49,
.82,	-.01,
.60,	.62
),8,2,byrow=TRUE)
R.PORT2
factor.congruence(R.PORT2, R.PITT) # Toggle between R.PORT1 and R.PORT2
L2 <- Procrustes(R.PORT2, R.PITT)
L2
#Sample 1
R.PITT <- matrix(c(
.58,	-.07,
.56,	.18,
.03,	.23,
-.12,	.51,
-.39,	.08,
-.42,	-.24,
-.12,	-.43,
.23,	-.38,
.44,	-.01,
.46,	.18,
.06,	.45,
-.25,	.49,
-.32,	.06,
-.33,	-.19,
-.12,	-.45,
.29,	-.29,
.43,	.01,
.38,	.15,
.07,	.54,
-.29,	.44,
-.43,	.02,
-.28,	-.19,
-.11,	-.44,
.39,	-.34,
.53,	.02,
.41,	.18,
.06,	.47,
-.30,	.41,
-.53,	-.01,
-.23,	-.19,
-.08,	-.37,
.39,	-.24,
.64,	.06,
.27,	.22,
.03,	.46,
-.34,	.37,
-.40,	-.02,
-.27,	-.28,
-.07,	-.38,
.33,	-.18,
.49,	.06,
.34,	.35,
-.03,	.56,
-.28,	.26,
-.43,	-.15,
-.22,	-.28,
-.02,	-.46,
.24,	-.10,
.53,	.07,
.23,	.36,
-.10,	.30,
-.40,	.19,
-.34,	-.12,
-.14,	-.29,
.07,	-.45,
.39,	-.16,
.56,	.12,
.15,	.32,
-.17,	.38,
-.53,	.23,
-.38,	-.19,
-.13,	-.34,
.10,	-.37,
.49,	-.14
),64,2,byrow=TRUE)
R.PITT
# Sample 1
R.PORT1 <- matrix(c(
.47,	-.15,
.57,	.18,
.09,	.47,
-.22,	.56,
-.31,	.06,
-.14,	-.18,
-.19,	-.49,
-.23,	-.44,
.72,	.11,
.52,	.23,
-.02,	.41,
-.30,	.59,
-.54,	.13,
-.16,	-.05,
-.18,	-.55,
.06,	-.46,
.55,	-.09,
.56,	.09,
.49,	.31,
-.15,	.48,
-.42,	.14,
-.32,	-.23,
-.32,	-.35,
.10,	-.47,
.58,	-.07,
.69,	.15,
-.07,	.47,
-.15,	.52,
-.29,	.11,
-.31,	-.17,
-.41,	-.38,
.14,	-.19,
.62,	-.05,
-.05,	.45,
-.02,	.46,
-.30,	.46,
-.27,	.01,
-.02,	-.20,
-.23,	-.47,
.63,	-.04,
.66,	.12,
.54,	.32,
.00,	.52,
.05,	.28,
-.30,	.03,
-.20,	-.56,
-.09,	-.55,
.39,	-.11,
.68,	.03,
.17,	.38,
-.23,	.35,
-.45,	.28,
-.51,	-.09,
.05,	-.11,
-.14,	-.56,
.10,	-.28,
.58,	.03,
-.01,	.34,
-.18,	.47,
-.60,	.25,
-.28,	-.02,
-.18,	-.39,
-.16,	-.48,
.57,	-.15
),64,2,byrow=TRUE)
R.PORT1
factor.congruence(R.PORT1, R.PITT)
L2 <- Procrustes(R.PORT1, R.PITT)
L2
# Sample 2
R.PORT2 <- matrix(c(
-.11,	.58,
.18,	.46,
.50,	.10,
.61,	-.22,
.08,	-.40,
-.35,	-.31,
-.49,	-.12,
-.51,	.05,
.02,	.55,
.21,	.39,
.55,	.04,
.61,	-.30,
.14,	-.42,
-.19,	-.47,
-.51,	-.06,
-.46,	.17,
-.06,	.55,
.01,	.36,
.41,	.16,
.51,	-.14,
.10,	-.45,
-.26,	-.13,
-.27,	.05,
-.37,	.36,
-.07,	.56,
.05,	.47,
.55,	-.01,
.48,	-.25,
-.04,	-.51,
-.18,	-.26,
-.32,	-.15,
-.18,	.35,
.00,	.66,
.48,	.09,
.50,	-.07,
.50,	-.29,
-.21,	-.47,
-.43,	-.29,
-.47,	-.01,
-.22,	.38,
.02,	.57,
.26,	.42,
.59,	.03,
.28,	-.29,
-.12,	-.54,
-.42,	.04,
-.51,	.05,
-.13,	.37,
-.06,	.53,
.39,	.23,
.47,	-.11,
.35,	-.47,
-.11,	-.39,
-.33,	-.27,
-.47,	.12,
-.25,	.42,
.02,	.52,
.38,	-.02,
.56,	-.11,
.37,	-.50,
-.18,	-.43,
-.42,	-.26,
-.50,	-.06,
-.19,	.45
),64,2,byrow=TRUE)
R.PORT2
factor.congruence(R.PORT2, R.PITT)
L2 <- Procrustes(R.PORT2, R.PITT)
L2
